#include <Adafruit_NeoPixel.h>
#define LED_PIN    2
#define LED_COUNT  256
Adafruit_NeoPixel leds(LED_COUNT, LED_PIN, NEO_GRB + NEO_KHZ800);

byte array[3][16][16]={{{255,255,255,255,255,255,255,255,255,255,255,255,255,255,255,255}, {255,255,255,255,255,255,255,255,255,255,255,255,255,255,255,255}, {255,255,255,255,255,255,255,255,255,255,255,255,255,255,255,255}, {255,255,255,255,255,255,255,255,255,255,255,255,255,255,255,255}, {255,255,255,255,255,255,187,187,187,186,255,255,255,255,255,255}, {255,255,255,255,255,255,187,187,187,187,255,255,255,255,255,255}, {255,255,255,255,255,187,187,187,187,187,187,255,255,255,255,255}, {255,255,255,255,255,187,187,187,187,187,187,255,255,255,255,255}, {255,255,255,255,255,187,187,187,187,187,187,255,255,255,255,255}, {255,255,255,255,255,187,187,187,187,187,187,255,255,255,255,255}, {255,255,255,255,255,255,187,187,187,187,255,255,255,255,255,255}, {255,255,255,255,255,255,187,187,187,187,255,255,255,255,255,255}, {255,255,255,255,255,255,255,255,255,255,255,255,255,255,255,255}, {255,255,255,255,255,255,255,255,255,255,255,255,255,255,255,255}, {255,255,255,255,255,255,255,255,255,255,255,255,255,255,255,255}, {255,255,255,255,255,255,255,255,255,255,255,255,255,255,255,255}}, {{255,255,255,255,255,255,255,255,255,255,255,255,255,255,255,255}, {255,255,255,255,255,255,255,255,255,255,255,255,255,255,255,255}, {255,255,255,255,255,255,255,255,255,255,255,255,255,255,255,255}, {255,255,255,255,255,255,255,0,0,255,255,255,255,255,255,255}, {255,255,255,255,255,255,0,0,0,0,255,255,255,255,255,255}, {255,255,255,255,255,0,0,0,0,0,0,255,255,255,255,255}, {255,255,255,255,255,0,0,0,0,0,0,255,255,255,255,255}, {255,255,255,255,255,0,0,0,0,0,0,255,255,255,255,255}, {255,255,255,255,255,0,0,0,0,0,0,255,255,255,255,255}, {255,255,255,255,255,0,0,0,0,0,0,255,255,255,255,255}, {255,255,255,255,255,0,0,0,0,0,0,255,255,255,255,255}, {255,255,255,255,255,255,0,0,0,0,255,255,255,255,255,255}, {255,255,255,255,255,255,255,0,0,255,255,255,255,255,255,255}, {255,255,255,255,255,255,255,255,255,255,255,255,255,255,255,255}, {255,255,255,255,255,255,255,255,255,255,255,255,255,255,255,255}, {255,255,255,255,255,255,255,255,255,255,255,255,255,255,255,255}}, {{255,255,255,255,255,255,255,255,255,255,255,255,255,255,255,255}, {255,255,255,255,255,255,255,255,255,255,255,255,255,255,255,255}, {255,255,255,255,255,255,255,255,255,255,255,255,255,255,255,255}, {255,255,255,255,255,255,255,45,45,255,255,255,255,255,255,255}, {255,255,255,255,255,255,45,45,45,45,255,255,255,255,255,255}, {255,255,255,255,255,43,45,45,45,45,45,255,255,255,255,255}, {255,255,255,255,255,45,45,45,45,45,45,255,255,255,255,255}, {255,255,255,255,255,45,45,45,45,45,45,255,255,255,255,255}, {255,255,255,255,255,45,45,45,45,45,45,255,255,255,255,255}, {255,255,255,255,255,45,45,45,45,45,45,255,255,255,255,255}, {255,255,255,255,255,255,45,45,45,45,45,255,255,255,255,255}, {255,255,255,255,255,255,45,45,45,45,255,255,255,255,255,255}, {255,255,255,255,255,255,255,45,47,255,255,255,255,255,255,255}, {255,255,255,255,255,255,255,255,255,255,255,255,255,255,255,255}, {255,255,255,255,255,255,255,255,255,255,255,255,255,255,255,255}, {255,255,255,255,255,255,255,255,255,255,255,255,255,255,255,255}}};

int columna=-1;
int fila=0;
void setup()
{
  leds.begin();
  for (int i=0;i<LED_COUNT;i++){
    columna++;
    if(array[0][fila][columna]==255 && array[1][fila][columna]==255 && array[2][fila][columna]==255) leds.setPixelColor(i, 255, 255,254);
  	else leds.setPixelColor(i, array[0][fila][columna], array[1][fila][columna],array[2][fila][columna]);
    if (columna==15){
    	columna=-1;
        fila++;
    }
  }
  leds.show();
}

void loop()
{

}